             o  ,    o  ,                                  ANCHORAGE, ALASKA                           Astronomical Applications Dept.
Location: W149 52, N61 13                          Rise and Set for the Sun for 2014                   U. S. Naval Observatory        
                                                                                                       Washington, DC  20392-5420     
                                                         Alaska Standard Time                                                         
                                                                                                                                      
                                                                                                                                      
       Jan.       Feb.       Mar.       Apr.       May        June       July       Aug.       Sept.      Oct.       Nov.       Dec.  
Day Rise  Set  Rise  Set  Rise  Set  Rise  Set  Rise  Set  Rise  Set  Rise  Set  Rise  Set  Rise  Set  Rise  Set  Rise  Set  Rise  Set
     h m  h m   h m  h m   h m  h m   h m  h m   h m  h m   h m  h m   h m  h m   h m  h m   h m  h m   h m  h m   h m  h m   h m  h m
01  1013 1553  0919 1708  0759 1825  0622 1946  0450 2105  0336 2220  0328 2238  0432 2137  0552 2005  0706 1830  0828 1657  0946 1551
02  1013 1555  0917 1710  0756 1828  0619 1949  0447 2107  0334 2222  0329 2237  0435 2135  0554 2002  0709 1827  0831 1655  0948 1550
03  1012 1557  0914 1713  0753 1831  0616 1951  0444 2110  0333 2224  0330 2236  0437 2132  0557 1959  0711 1824  0833 1652  0950 1549
04  1011 1558  0912 1716  0750 1833  0613 1954  0442 2113  0331 2226  0332 2235  0440 2129  0559 1956  0714 1821  0836 1649  0952 1547
05  1010 1600  0909 1719  0747 1836  0609 1956  0439 2115  0330 2228  0333 2234  0443 2126  0602 1953  0717 1818  0839 1646  0954 1546
06  1009 1602  0906 1722  0744 1838  0606 1959  0436 2118  0328 2229  0335 2233  0445 2124  0604 1950  0719 1814  0842 1644  0956 1545
07  1008 1604  0904 1725  0741 1841  0603 2001  0433 2121  0327 2231  0336 2231  0448 2121  0607 1946  0722 1811  0844 1641  0957 1544
08  1007 1606  0901 1727  0738 1844  0600 2004  0430 2123  0326 2232  0338 2230  0450 2118  0609 1943  0724 1808  0847 1639  0959 1543
09  1005 1608  0858 1730  0735 1846  0557 2007  0428 2126  0325 2233  0340 2228  0453 2115  0612 1940  0727 1805  0850 1636  1001 1543
10  1004 1611  0855 1733  0732 1849  0554 2009  0425 2129  0324 2235  0342 2227  0455 2112  0614 1937  0729 1802  0852 1634  1002 1542
11  1003 1613  0853 1736  0728 1852  0551 2012  0422 2131  0323 2236  0344 2225  0458 2109  0617 1934  0732 1759  0855 1631  1004 1541
12  1001 1615  0850 1739  0725 1854  0547 2014  0420 2134  0322 2237  0345 2223  0501 2106  0619 1930  0735 1756  0858 1629  1005 1541
13  1000 1617  0847 1741  0722 1857  0544 2017  0417 2136  0322 2238  0347 2222  0503 2103  0622 1927  0737 1753  0901 1626  1007 1541
14  0958 1620  0844 1744  0719 1859  0541 2020  0414 2139  0321 2239  0350 2220  0506 2100  0624 1924  0740 1750  0903 1624  1008 1540
15  0956 1622  0841 1747  0716 1902  0538 2022  0412 2142  0321 2240  0352 2218  0508 2058  0627 1921  0742 1747  0906 1621  1009 1540
16  0955 1625  0838 1750  0713 1905  0535 2025  0409 2144  0320 2240  0354 2216  0511 2055  0629 1918  0745 1744  0909 1619  1010 1540
17  0953 1627  0835 1752  0710 1907  0532 2028  0407 2147  0320 2241  0356 2214  0514 2052  0632 1915  0748 1741  0911 1617  1011 1540
18  0951 1630  0833 1755  0706 1910  0529 2030  0404 2149  0320 2241  0358 2212  0516 2049  0634 1911  0750 1738  0914 1615  1012 1540
19  0949 1632  0830 1758  0703 1912  0526 2033  0402 2152  0320 2242  0401 2209  0519 2046  0637 1908  0753 1735  0917 1613  1013 1541
20  0947 1635  0827 1801  0700 1915  0523 2036  0400 2154  0320 2242  0403 2207  0521 2042  0639 1905  0756 1732  0919 1610  1013 1541
21  0945 1638  0824 1803  0657 1918  0520 2038  0357 2156  0320 2242  0405 2205  0524 2039  0642 1902  0758 1729  0922 1608  1014 1541
22  0943 1640  0821 1806  0654 1920  0517 2041  0355 2159  0321 2242  0407 2203  0526 2036  0644 1859  0801 1726  0924 1606  1014 1542
23  0941 1643  0818 1809  0651 1923  0514 2044  0353 2201  0321 2242  0410 2200  0529 2033  0646 1856  0803 1723  0927 1604  1015 1543
24  0938 1646  0815 1812  0647 1925  0511 2046  0351 2203  0321 2242  0412 2158  0531 2030  0649 1852  0806 1720  0929 1603  1015 1543
25  0936 1648  0812 1814  0644 1928  0508 2049  0349 2206  0322 2242  0415 2155  0534 2027  0651 1849  0809 1717  0932 1601  1015 1544
26  0934 1651  0809 1817  0641 1930  0505 2051  0347 2208  0323 2242  0417 2153  0537 2024  0654 1846  0812 1714  0934 1559  1015 1545
27  0932 1654  0806 1820  0638 1933  0502 2054  0345 2210  0324 2241  0420 2150  0539 2021  0656 1843  0814 1711  0937 1557  1015 1546
28  0929 1657  0803 1822  0635 1936  0459 2057  0343 2212  0324 2241  0422 2148  0542 2018  0659 1840  0817 1708  0939 1556  1015 1547
29  0927 1659             0632 1938  0456 2059  0341 2214  0325 2240  0425 2145  0544 2015  0701 1837  0820 1706  0941 1554  1015 1549
30  0924 1702             0628 1941  0453 2102  0339 2216  0326 2239  0427 2143  0547 2012  0704 1833  0822 1703  0943 1553  1014 1550
31  0922 1705             0625 1943             0337 2218             0430 2140  0549 2008             0825 1700             1014 1551

                                             Add one hour for daylight time, if and when in use.
