             o  ,    o  ,                                  ANCHORAGE, ALASKA                           Astronomical Applications Dept.
Location: W149 52, N61 13                               Civil Twilight for 2014                        U. S. Naval Observatory        
                                                                                                       Washington, DC  20392-5420     
                                                         Alaska Standard Time                                                         
                                                                                                                                      
                                                                                                                                      
       Jan.       Feb.       Mar.       Apr.       May        June       July       Aug.       Sept.      Oct.       Nov.       Dec.  
Day Begin End  Begin End  Begin End  Begin End  Begin End  Begin End  Begin End  Begin End  Begin End  Begin End  Begin End  Begin End
     h m  h m   h m  h m   h m  h m   h m  h m   h m  h m   h m  h m   h m  h m   h m  h m   h m  h m   h m  h m   h m  h m   h m  h m
01  0913 1654  0830 1757  0716 1909  0537 2031  0353 2202  0152 0003  //// ////  0326 2242  0505 2052  0623 1913  0741 1745  0848 1649
02  0912 1655  0828 1800  0713 1911  0534 2034  0350 2206  0146 0008  //// ////  0330 2239  0507 2049  0626 1910  0743 1742  0849 1648
03  0912 1657  0825 1802  0710 1914  0531 2037  0346 2209  0141 0014  //// ////  0334 2235  0510 2045  0628 1907  0745 1740  0851 1647
04  0911 1658  0823 1805  0707 1916  0527 2039  0342 2213  0135 0020  //// ////  0337 2231  0513 2042  0631 1904  0748 1737  0853 1646
05  0910 1700  0821 1807  0704 1919  0524 2042  0339 2216  0129 0027  0114 0055  0341 2228  0516 2038  0633 1901  0750 1735  0854 1646
06  0910 1702  0818 1810  0701 1922  0520 2045  0335 2220  0121 0035  0127 0042  0344 2224  0518 2035  0636 1858  0753 1733  0856 1645
07  0909 1703  0816 1812  0658 1924  0517 2048  0331 2223  0109 0047  0135 0034  0347 2220  0521 2032  0638 1855  0755 1730  0857 1644
08  0908 1705  0813 1815  0655 1927  0514 2051  0328 2227  //// ////  0142 0028  0351 2217  0524 2028  0641 1852  0758 1728  0859 1644
09  0907 1707  0811 1817  0652 1929  0510 2054  0324 2231  //// ////  0148 0022  0354 2213  0527 2025  0643 1848  0800 1726  0900 1643
10  0906 1708  0808 1820  0649 1932  0507 2057  0320 2234  //// ////  0154 0016  0357 2209  0529 2021  0646 1845  0802 1724  0902 1643
11  0905 1710  0806 1822  0646 1935  0503 2059  0317 2238  //// ////  0159 0011  0401 2206  0532 2018  0648 1842  0805 1721  0903 1643
12  0904 1712  0803 1825  0642 1937  0500 2102  0313 2242  //// ////  0204 0006  0404 2202  0535 2015  0651 1839  0807 1719  0904 1642
13  0903 1714  0801 1828  0639 1940  0457 2105  0309 2245  //// ////  0209 0002  0407 2159  0537 2011  0653 1837  0809 1717  0905 1642
13                                                                         2357                                                       
14  0902 1716  0758 1830  0636 1943  0453 2108  0305 2249  //// ////  0214 2353  0411 2155  0540 2008  0656 1834  0812 1715  0906 1642
15  0900 1718  0756 1833  0633 1945  0450 2111  0302 2253  //// ////  0218 2349  0414 2152  0543 2005  0658 1831  0814 1713  0907 1642
16  0859 1720  0753 1835  0630 1948  0446 2114  0258 2257  //// ////  0223 2344  0417 2148  0545 2001  0701 1828  0816 1711  0908 1642
17  0858 1722  0750 1838  0627 1950  0443 2117  0254 2301  //// ////  0227 2340  0420 2144  0548 1958  0703 1825  0819 1709  0909 1642
18  0856 1725  0747 1840  0623 1953  0439 2120  0250 2305  //// ////  0232 2336  0423 2141  0550 1955  0706 1822  0821 1708  0910 1643
19  0855 1727  0745 1843  0620 1956  0436 2124  0246 2309  //// ////  0236 2332  0426 2137  0553 1952  0708 1819  0823 1706  0910 1643
20  0853 1729  0742 1846  0617 1958  0432 2127  0243 2313  //// ////  0240 2328  0429 2134  0555 1948  0711 1816  0825 1704  0911 1643
21  0851 1731  0739 1848  0614 2001  0429 2130  0239 2317  //// ////  0244 2324  0432 2130  0558 1945  0713 1814  0828 1703  0912 1644
22  0850 1733  0736 1851  0610 2004  0425 2133  0235 2321  //// ////  0248 2320  0435 2127  0601 1942  0716 1811  0830 1701  0912 1644
23  0848 1736  0733 1853  0607 2006  0422 2136  0231 2325  //// ////  0252 2316  0438 2123  0603 1939  0718 1808  0832 1659  0913 1645
24  0846 1738  0731 1856  0604 2009  0418 2139  0227 2330  //// ////  0256 2312  0441 2120  0606 1935  0721 1805  0834 1658  0913 1646
25  0844 1740  0728 1858  0601 2012  0415 2143  0222 2334  //// ////  0300 2309  0444 2116  0608 1932  0723 1803  0836 1656  0913 1646
26  0842 1743  0725 1901  0557 2014  0411 2146  0218 2339  //// ////  0304 2305  0447 2113  0611 1929  0726 1800  0838 1655  0913 1647
27  0840 1745  0722 1904  0554 2017  0407 2149  0214 2343  //// ////  0308 2301  0450 2109  0613 1926  0728 1757  0840 1654  0913 1648
28  0838 1748  0719 1906  0551 2020  0404 2152  0210 2348  //// ////  0312 2257  0453 2106  0616 1923  0731 1755  0842 1653  0913 1649
29  0836 1750             0547 2023  0400 2156  0205 2353  //// ////  0315 2253  0456 2102  0618 1919  0733 1752  0844 1651  0913 1650
30  0834 1752             0544 2025  0357 2159  0201 2357  //// ////  0319 2250  0459 2059  0621 1916  0736 1750  0846 1650  0913 1651
31  0832 1755             0541 2028             0156                  0323 2246  0502 2056             0738 1747             0913 1653

                                             Add one hour for daylight time, if and when in use.
