             o  ,    o  ,                                 MADISON, WISCONSIN                           Astronomical Applications Dept.
Location: W089 23, N43 05                          Rise and Set for the Sun for 2014                   U. S. Naval Observatory        
                                                                                                       Washington, DC  20392-5420     
                                                         Central Standard Time                                                        
                                                                                                                                      
                                                                                                                                      
       Jan.       Feb.       Mar.       Apr.       May        June       July       Aug.       Sept.      Oct.       Nov.       Dec.  
Day Rise  Set  Rise  Set  Rise  Set  Rise  Set  Rise  Set  Rise  Set  Rise  Set  Rise  Set  Rise  Set  Rise  Set  Rise  Set  Rise  Set
     h m  h m   h m  h m   h m  h m   h m  h m   h m  h m   h m  h m   h m  h m   h m  h m   h m  h m   h m  h m   h m  h m   h m  h m
01  0729 1633  0713 1710  0634 1747  0540 1824  0451 1859  0421 1930  0422 1941  0448 1919  0522 1832  0555 1739  0632 1649  0709 1624
02  0729 1634  0712 1711  0632 1748  0538 1825  0450 1900  0420 1931  0423 1941  0449 1918  0523 1831  0556 1737  0634 1648  0710 1623
03  0729 1635  0711 1713  0630 1749  0536 1826  0449 1901  0420 1932  0423 1940  0450 1916  0524 1829  0557 1735  0635 1647  0711 1623
04  0729 1636  0709 1714  0629 1751  0534 1827  0447 1902  0420 1933  0424 1940  0451 1915  0525 1827  0558 1733  0636 1646  0712 1623
05  0729 1637  0708 1715  0627 1752  0533 1829  0446 1903  0419 1933  0424 1940  0453 1914  0526 1825  0559 1732  0637 1644  0713 1623
06  0729 1638  0707 1717  0625 1753  0531 1830  0445 1904  0419 1934  0425 1939  0454 1913  0527 1824  0601 1730  0639 1643  0714 1623
07  0729 1639  0706 1718  0623 1754  0529 1831  0443 1906  0419 1935  0426 1939  0455 1911  0528 1822  0602 1728  0640 1642  0715 1623
08  0729 1640  0705 1719  0622 1756  0527 1832  0442 1907  0418 1935  0426 1939  0456 1910  0530 1820  0603 1726  0641 1641  0716 1622
09  0728 1641  0703 1721  0620 1757  0526 1833  0441 1908  0418 1936  0427 1938  0457 1909  0531 1818  0604 1725  0643 1640  0717 1622
10  0728 1642  0702 1722  0618 1758  0524 1834  0440 1909  0418 1936  0428 1938  0458 1907  0532 1816  0605 1723  0644 1639  0718 1622
11  0728 1644  0701 1723  0617 1759  0522 1836  0439 1910  0418 1937  0429 1937  0459 1906  0533 1815  0606 1721  0645 1638  0719 1623
12  0728 1645  0659 1725  0615 1800  0521 1837  0437 1911  0418 1937  0429 1937  0500 1904  0534 1813  0608 1720  0646 1637  0720 1623
13  0727 1646  0658 1726  0613 1802  0519 1838  0436 1912  0418 1938  0430 1936  0501 1903  0535 1811  0609 1718  0648 1636  0721 1623
14  0727 1647  0657 1727  0611 1803  0517 1839  0435 1913  0418 1938  0431 1936  0502 1901  0536 1809  0610 1716  0649 1635  0721 1623
15  0726 1648  0655 1729  0610 1804  0516 1840  0434 1914  0418 1939  0432 1935  0503 1900  0537 1807  0611 1715  0650 1634  0722 1623
16  0726 1649  0654 1730  0608 1805  0514 1841  0433 1915  0418 1939  0433 1934  0504 1858  0538 1806  0612 1713  0651 1633  0723 1624
17  0725 1651  0652 1731  0606 1806  0512 1843  0432 1916  0418 1940  0434 1933  0506 1857  0539 1804  0614 1711  0653 1632  0724 1624
18  0725 1652  0651 1733  0604 1808  0511 1844  0431 1917  0418 1940  0434 1933  0507 1855  0540 1802  0615 1710  0654 1631  0724 1624
19  0724 1653  0649 1734  0603 1809  0509 1845  0430 1918  0418 1940  0435 1932  0508 1854  0542 1800  0616 1708  0655 1630  0725 1625
20  0723 1654  0648 1735  0601 1810  0508 1846  0429 1919  0418 1940  0436 1931  0509 1852  0543 1758  0617 1707  0656 1630  0725 1625
21  0723 1656  0646 1737  0559 1811  0506 1847  0428 1920  0418 1941  0437 1930  0510 1851  0544 1757  0618 1705  0658 1629  0726 1626
22  0722 1657  0645 1738  0557 1812  0504 1848  0428 1921  0418 1941  0438 1929  0511 1849  0545 1755  0620 1704  0659 1628  0726 1626
23  0721 1658  0643 1739  0555 1813  0503 1850  0427 1922  0419 1941  0439 1928  0512 1847  0546 1753  0621 1702  0700 1628  0727 1627
24  0720 1659  0642 1740  0554 1815  0501 1851  0426 1923  0419 1941  0440 1927  0513 1846  0547 1751  0622 1701  0701 1627  0727 1627
25  0719 1701  0640 1742  0552 1816  0500 1852  0425 1924  0419 1941  0441 1927  0514 1844  0548 1749  0623 1659  0703 1626  0728 1628
26  0719 1702  0638 1743  0550 1817  0458 1853  0424 1925  0420 1941  0442 1925  0515 1843  0549 1748  0625 1658  0704 1626  0728 1629
27  0718 1703  0637 1744  0548 1818  0457 1854  0424 1926  0420 1941  0443 1924  0516 1841  0550 1746  0626 1656  0705 1625  0728 1629
28  0717 1705  0635 1746  0547 1819  0455 1855  0423 1927  0421 1941  0444 1923  0518 1839  0552 1744  0627 1655  0706 1625  0729 1630
29  0716 1706             0545 1820  0454 1856  0423 1928  0421 1941  0445 1922  0519 1837  0553 1742  0628 1654  0707 1624  0729 1631
30  0715 1707             0543 1822  0453 1858  0422 1929  0421 1941  0446 1921  0520 1836  0554 1740  0630 1652  0708 1624  0729 1631
31  0714 1709             0541 1823             0421 1930             0447 1920  0521 1834             0631 1651             0729 1632

                                             Add one hour for daylight time, if and when in use.
