             o  ,    o  ,                                 MADISON, WISCONSIN                           Astronomical Applications Dept.
Location: W089 23, N43 05                               Civil Twilight for 2014                        U. S. Naval Observatory        
                                                                                                       Washington, DC  20392-5420     
                                                         Central Standard Time                                                        
                                                                                                                                      
                                                                                                                                      
       Jan.       Feb.       Mar.       Apr.       May        June       July       Aug.       Sept.      Oct.       Nov.       Dec.  
Day Begin End  Begin End  Begin End  Begin End  Begin End  Begin End  Begin End  Begin End  Begin End  Begin End  Begin End  Begin End
     h m  h m   h m  h m   h m  h m   h m  h m   h m  h m   h m  h m   h m  h m   h m  h m   h m  h m   h m  h m   h m  h m   h m  h m
01  0657 1706  0643 1740  0605 1815  0511 1853  0420 1930  0346 2005  0347 2016  0416 1951  0453 1902  0527 1807  0603 1719  0638 1656
02  0657 1707  0642 1742  0603 1817  0509 1854  0419 1931  0346 2006  0347 2016  0417 1950  0454 1900  0528 1805  0604 1718  0639 1655
03  0657 1707  0641 1743  0602 1818  0507 1855  0417 1933  0345 2007  0348 2015  0418 1948  0455 1858  0529 1803  0605 1717  0640 1655
04  0657 1708  0639 1744  0600 1819  0505 1856  0416 1934  0345 2007  0349 2015  0419 1947  0456 1856  0530 1802  0606 1715  0641 1655
05  0657 1709  0638 1745  0559 1820  0504 1858  0414 1935  0344 2008  0349 2015  0421 1946  0457 1854  0531 1800  0608 1714  0641 1655
06  0657 1710  0637 1747  0557 1821  0502 1859  0413 1936  0344 2009  0350 2014  0422 1944  0458 1852  0532 1758  0609 1713  0642 1655
07  0657 1711  0636 1748  0555 1823  0500 1900  0412 1938  0344 2010  0351 2014  0423 1943  0500 1851  0533 1757  0610 1712  0643 1655
08  0657 1712  0635 1749  0553 1824  0458 1901  0410 1939  0343 2010  0352 2013  0424 1941  0501 1849  0535 1755  0611 1711  0644 1655
09  0657 1713  0634 1750  0552 1825  0457 1902  0409 1940  0343 2011  0352 2013  0425 1940  0502 1847  0536 1753  0612 1710  0645 1655
10  0656 1714  0632 1752  0550 1826  0455 1904  0408 1941  0343 2012  0353 2012  0427 1938  0503 1845  0537 1752  0614 1709  0646 1655
11  0656 1715  0631 1753  0548 1827  0453 1905  0406 1942  0343 2012  0354 2012  0428 1937  0504 1843  0538 1750  0615 1708  0647 1655
12  0656 1716  0630 1754  0547 1829  0451 1906  0405 1944  0342 2013  0355 2011  0429 1935  0505 1842  0539 1748  0616 1707  0648 1655
13  0656 1717  0629 1755  0545 1830  0450 1907  0404 1945  0342 2013  0356 2010  0430 1934  0506 1840  0540 1747  0617 1706  0648 1655
14  0655 1719  0627 1757  0543 1831  0448 1909  0403 1946  0342 2014  0357 2010  0431 1932  0507 1838  0541 1745  0618 1705  0649 1655
15  0655 1720  0626 1758  0541 1832  0446 1910  0401 1947  0342 2014  0358 2009  0433 1931  0509 1836  0543 1743  0620 1704  0650 1656
16  0654 1721  0625 1759  0540 1833  0444 1911  0400 1948  0342 2015  0359 2008  0434 1929  0510 1834  0544 1742  0621 1704  0650 1656
17  0654 1722  0623 1800  0538 1835  0443 1912  0359 1950  0342 2015  0400 2007  0435 1927  0511 1832  0545 1740  0622 1703  0651 1656
18  0653 1723  0622 1802  0536 1836  0441 1914  0358 1951  0342 2015  0401 2006  0436 1926  0512 1830  0546 1739  0623 1702  0652 1657
19  0653 1724  0620 1803  0534 1837  0439 1915  0357 1952  0342 2016  0402 2006  0437 1924  0513 1829  0547 1737  0624 1701  0652 1657
20  0652 1725  0619 1804  0532 1838  0438 1916  0356 1953  0343 2016  0403 2005  0439 1922  0514 1827  0548 1736  0625 1701  0653 1658
21  0652 1727  0617 1805  0531 1839  0436 1917  0355 1954  0343 2016  0404 2004  0440 1921  0515 1825  0550 1734  0627 1700  0653 1658
22  0651 1728  0616 1807  0529 1841  0434 1919  0354 1955  0343 2016  0405 2003  0441 1919  0516 1823  0551 1733  0628 1659  0654 1659
23  0650 1729  0614 1808  0527 1842  0433 1920  0353 1956  0343 2016  0406 2002  0442 1917  0518 1821  0552 1731  0629 1659  0654 1659
24  0650 1730  0613 1809  0525 1843  0431 1921  0352 1957  0344 2016  0407 2001  0443 1916  0519 1820  0553 1730  0630 1658  0655 1700
25  0649 1732  0611 1810  0523 1844  0429 1922  0351 1958  0344 2017  0408 2000  0444 1914  0520 1818  0554 1728  0631 1658  0655 1700
26  0648 1733  0610 1812  0522 1845  0428 1924  0351 1959  0344 2017  0409 1958  0446 1912  0521 1816  0556 1727  0632 1657  0656 1701
27  0647 1734  0608 1813  0520 1847  0426 1925  0350 2000  0345 2016  0410 1957  0447 1910  0522 1814  0557 1726  0633 1657  0656 1702
28  0646 1735  0607 1814  0518 1848  0425 1926  0349 2001  0345 2016  0411 1956  0448 1909  0523 1812  0558 1724  0634 1656  0656 1702
29  0645 1736             0516 1849  0423 1927  0348 2002  0346 2016  0412 1955  0449 1907  0524 1811  0559 1723  0635 1656  0656 1703
30  0645 1738             0514 1850  0422 1929  0348 2003  0346 2016  0414 1954  0450 1905  0525 1809  0600 1722  0637 1656  0657 1704
31  0644 1739             0513 1852             0347 2004             0415 1952  0452 1903             0602 1720             0657 1705

                                             Add one hour for daylight time, if and when in use.
