             o  ,    o  ,                                 MADISON, WISCONSIN                           Astronomical Applications Dept.
Location: W089 23, N43 05                           Astronomical Twilight for 2014                     U. S. Naval Observatory        
                                                                                                       Washington, DC  20392-5420     
                                                         Central Standard Time                                                        
                                                                                                                                      
                                                                                                                                      
       Jan.       Feb.       Mar.       Apr.       May        June       July       Aug.       Sept.      Oct.       Nov.       Dec.  
Day Begin End  Begin End  Begin End  Begin End  Begin End  Begin End  Begin End  Begin End  Begin End  Begin End  Begin End  Begin End
     h m  h m   h m  h m   h m  h m   h m  h m   h m  h m   h m  h m   h m  h m   h m  h m   h m  h m   h m  h m   h m  h m   h m  h m
01  0547 1816  0535 1848  0459 1921  0402 2002  0300 2051  0209 2143  0205 2158  0250 2116  0341 2013  0420 1913  0456 1826  0528 1805
02  0547 1817  0534 1849  0458 1922  0400 2004  0258 2053  0208 2145  0205 2157  0252 2114  0342 2011  0421 1911  0457 1824  0529 1805
03  0547 1818  0533 1850  0456 1924  0358 2005  0256 2054  0207 2146  0206 2157  0254 2113  0344 2009  0423 1910  0458 1823  0530 1805
04  0547 1818  0532 1851  0454 1925  0355 2007  0254 2056  0206 2147  0207 2156  0255 2111  0345 2007  0424 1908  0459 1822  0531 1805
05  0547 1819  0531 1852  0453 1926  0353 2008  0252 2058  0205 2148  0209 2155  0257 2109  0346 2005  0425 1906  0501 1821  0532 1805
06  0547 1820  0530 1853  0451 1927  0351 2010  0250 2100  0204 2150  0210 2154  0259 2107  0348 2003  0426 1904  0502 1820  0532 1805
07  0547 1821  0529 1855  0449 1929  0349 2011  0248 2101  0203 2151  0211 2153  0300 2105  0349 2001  0427 1902  0503 1819  0533 1805
08  0547 1822  0528 1856  0447 1930  0347 2013  0246 2103  0202 2152  0212 2152  0302 2103  0351 1959  0429 1901  0504 1818  0534 1805
09  0547 1823  0527 1857  0446 1931  0345 2014  0244 2105  0202 2153  0213 2151  0304 2101  0352 1957  0430 1859  0505 1817  0535 1805
10  0547 1824  0526 1858  0444 1933  0343 2016  0243 2107  0201 2154  0215 2150  0305 2059  0353 1954  0431 1857  0506 1816  0536 1805
11  0547 1825  0525 1859  0442 1934  0341 2017  0241 2109  0200 2155  0216 2149  0307 2057  0355 1952  0432 1856  0507 1815  0536 1805
12  0546 1826  0524 1901  0440 1935  0339 2019  0239 2110  0200 2155  0217 2148  0309 2055  0356 1950  0433 1854  0508 1815  0537 1805
13  0546 1827  0522 1902  0439 1936  0337 2020  0237 2112  0200 2156  0219 2147  0311 2053  0357 1948  0434 1852  0509 1814  0538 1806
14  0546 1828  0521 1903  0437 1938  0335 2022  0235 2114  0159 2157  0220 2146  0312 2051  0359 1946  0436 1851  0510 1813  0539 1806
15  0546 1829  0520 1904  0435 1939  0333 2024  0234 2116  0159 2157  0222 2144  0314 2049  0400 1944  0437 1849  0512 1812  0539 1806
16  0545 1830  0519 1905  0433 1940  0331 2025  0232 2117  0159 2158  0223 2143  0316 2047  0401 1942  0438 1848  0513 1812  0540 1806
17  0545 1831  0517 1907  0431 1942  0329 2027  0230 2119  0159 2159  0225 2141  0317 2045  0403 1940  0439 1846  0514 1811  0541 1807
18  0545 1832  0516 1908  0429 1943  0326 2029  0228 2121  0159 2159  0226 2140  0319 2043  0404 1938  0440 1844  0515 1810  0541 1807
19  0544 1833  0514 1909  0427 1944  0324 2030  0227 2123  0159 2159  0228 2139  0320 2040  0405 1936  0441 1843  0516 1810  0542 1808
20  0544 1834  0513 1910  0425 1946  0322 2032  0225 2124  0159 2200  0230 2137  0322 2038  0407 1934  0442 1842  0517 1809  0542 1808
21  0543 1835  0512 1911  0423 1947  0320 2034  0224 2126  0159 2200  0231 2135  0324 2036  0408 1932  0444 1840  0518 1809  0543 1809
22  0543 1836  0510 1913  0421 1948  0318 2035  0222 2128  0159 2200  0233 2134  0325 2034  0409 1930  0445 1839  0519 1808  0543 1809
23  0542 1837  0509 1914  0420 1950  0316 2037  0220 2129  0200 2200  0235 2132  0327 2032  0410 1928  0446 1837  0520 1808  0544 1810
24  0541 1838  0507 1915  0418 1951  0314 2039  0219 2131  0200 2200  0236 2131  0328 2030  0412 1926  0447 1836  0521 1807  0544 1810
25  0541 1840  0506 1916  0416 1952  0312 2040  0218 2133  0200 2200  0238 2129  0330 2028  0413 1924  0448 1834  0522 1807  0545 1811
26  0540 1841  0504 1918  0414 1954  0310 2042  0216 2134  0201 2200  0240 2127  0332 2026  0414 1923  0449 1833  0523 1806  0545 1811
27  0539 1842  0502 1919  0412 1955  0308 2044  0215 2136  0202 2159  0241 2125  0333 2024  0415 1921  0450 1832  0524 1806  0545 1812
28  0539 1843  0501 1920  0410 1957  0306 2045  0213 2137  0202 2159  0243 2124  0335 2022  0417 1919  0452 1830  0525 1806  0546 1813
29  0538 1844             0408 1958  0304 2047  0212 2139  0203 2159  0245 2122  0336 2019  0418 1917  0453 1829  0526 1805  0546 1813
30  0537 1845             0406 1959  0302 2049  0211 2140  0204 2158  0247 2120  0338 2017  0419 1915  0454 1828  0527 1805  0546 1814
31  0536 1846             0404 2001             0210 2142             0248 2118  0339 2015             0455 1827             0546 1815

                                             Add one hour for daylight time, if and when in use.
