             o  ,    o  ,                                 MADISON, WISCONSIN                           Astronomical Applications Dept.
Location: W089 23, N43 05                             Nautical Twilight for 2014                       U. S. Naval Observatory        
                                                                                                       Washington, DC  20392-5420     
                                                         Central Standard Time                                                        
                                                                                                                                      
                                                                                                                                      
       Jan.       Feb.       Mar.       Apr.       May        June       July       Aug.       Sept.      Oct.       Nov.       Dec.  
Day Begin End  Begin End  Begin End  Begin End  Begin End  Begin End  Begin End  Begin End  Begin End  Begin End  Begin End  Begin End
     h m  h m   h m  h m   h m  h m   h m  h m   h m  h m   h m  h m   h m  h m   h m  h m   h m  h m   h m  h m   h m  h m   h m  h m
01  0621 1741  0609 1814  0532 1848  0437 1927  0342 2008  0302 2050  0301 2102  0336 2031  0418 1936  0454 1840  0529 1753  0602 1731
02  0621 1742  0608 1815  0531 1850  0435 1928  0340 2010  0301 2051  0302 2101  0337 2030  0419 1935  0455 1838  0530 1751  0603 1731
03  0621 1743  0607 1817  0529 1851  0433 1929  0339 2011  0301 2052  0302 2101  0338 2028  0420 1933  0456 1836  0531 1750  0604 1731
04  0621 1744  0606 1818  0527 1852  0431 1931  0337 2013  0300 2052  0303 2100  0340 2027  0421 1931  0457 1835  0533 1749  0605 1730
05  0621 1745  0605 1819  0526 1853  0429 1932  0335 2014  0259 2053  0304 2100  0341 2025  0423 1929  0458 1833  0534 1748  0606 1730
06  0621 1746  0604 1820  0524 1854  0427 1933  0334 2016  0259 2054  0305 2059  0343 2023  0424 1927  0459 1831  0535 1747  0607 1730
07  0621 1747  0602 1822  0522 1856  0426 1935  0332 2017  0258 2055  0306 2059  0344 2022  0425 1925  0500 1829  0536 1746  0608 1730
08  0621 1748  0601 1823  0521 1857  0424 1936  0331 2019  0258 2056  0307 2058  0345 2020  0426 1923  0502 1828  0537 1745  0609 1730
09  0621 1749  0600 1824  0519 1858  0422 1937  0329 2020  0257 2057  0308 2058  0347 2018  0428 1921  0503 1826  0538 1744  0609 1730
10  0621 1750  0559 1825  0517 1859  0420 1939  0328 2021  0257 2057  0308 2057  0348 2017  0429 1919  0504 1824  0540 1743  0610 1731
11  0621 1751  0558 1826  0515 1900  0418 1940  0326 2023  0257 2058  0310 2056  0349 2015  0430 1917  0505 1823  0541 1742  0611 1731
12  0621 1752  0557 1828  0514 1902  0416 1942  0325 2024  0257 2059  0311 2055  0351 2013  0431 1915  0506 1821  0542 1741  0612 1731
13  0620 1753  0555 1829  0512 1903  0414 1943  0323 2026  0256 2059  0312 2054  0352 2012  0432 1913  0507 1819  0543 1740  0612 1731
14  0620 1754  0554 1830  0510 1904  0412 1944  0322 2027  0256 2100  0313 2053  0354 2010  0434 1911  0508 1818  0544 1740  0613 1731
15  0620 1755  0553 1831  0508 1905  0410 1946  0320 2028  0256 2100  0314 2053  0355 2008  0435 1910  0510 1816  0545 1739  0614 1732
16  0619 1756  0551 1832  0507 1907  0409 1947  0319 2030  0256 2101  0315 2052  0356 2006  0436 1908  0511 1815  0546 1738  0615 1732
17  0619 1757  0550 1834  0505 1908  0407 1948  0318 2031  0256 2101  0316 2051  0358 2004  0437 1906  0512 1813  0547 1737  0615 1732
18  0618 1758  0549 1835  0503 1909  0405 1950  0316 2033  0256 2102  0317 2049  0359 2003  0438 1904  0513 1812  0549 1737  0616 1733
19  0618 1759  0547 1836  0501 1910  0403 1951  0315 2034  0256 2102  0319 2048  0400 2001  0440 1902  0514 1810  0550 1736  0616 1733
20  0617 1800  0546 1837  0459 1912  0401 1953  0314 2035  0256 2102  0320 2047  0402 1959  0441 1900  0515 1809  0551 1735  0617 1734
21  0617 1801  0544 1839  0457 1913  0359 1954  0313 2037  0256 2102  0321 2046  0403 1957  0442 1858  0516 1807  0552 1735  0617 1734
22  0616 1803  0543 1840  0456 1914  0358 1956  0312 2038  0257 2102  0322 2045  0404 1955  0443 1856  0518 1806  0553 1734  0618 1735
23  0616 1804  0541 1841  0454 1915  0356 1957  0310 2039  0257 2103  0324 2044  0406 1953  0444 1855  0519 1804  0554 1734  0618 1735
24  0615 1805  0540 1842  0452 1917  0354 1958  0309 2040  0257 2103  0325 2042  0407 1952  0446 1853  0520 1803  0555 1733  0619 1736
25  0614 1806  0538 1843  0450 1918  0352 2000  0308 2042  0258 2103  0326 2041  0408 1950  0447 1851  0521 1802  0556 1733  0619 1736
26  0614 1807  0537 1845  0448 1919  0351 2001  0307 2043  0258 2103  0327 2040  0410 1948  0448 1849  0522 1800  0557 1732  0620 1737
27  0613 1808  0535 1846  0446 1920  0349 2003  0306 2044  0259 2102  0329 2038  0411 1946  0449 1847  0523 1759  0558 1732  0620 1738
28  0612 1809  0534 1847  0444 1922  0347 2004  0305 2045  0259 2102  0330 2037  0412 1944  0450 1845  0525 1758  0559 1732  0620 1738
29  0611 1811             0443 1923  0345 2006  0304 2046  0300 2102  0332 2036  0414 1942  0451 1844  0526 1756  0600 1731  0621 1739
30  0610 1812             0441 1924  0344 2007  0304 2047  0300 2102  0333 2034  0415 1940  0452 1842  0527 1755  0601 1731  0621 1740
31  0609 1813             0439 1926             0303 2048             0334 2033  0416 1938             0528 1754             0621 1740

                                             Add one hour for daylight time, if and when in use.
