             o  ,    o  ,                                   MIAMI, FLORIDA                             Astronomical Applications Dept.
Location: W080 13, N25 47                             Nautical Twilight for 2014                       U. S. Naval Observatory        
                                                                                                       Washington, DC  20392-5420     
                                                         Eastern Standard Time                                                        
                                                                                                                                      
                                                                                                                                      
       Jan.       Feb.       Mar.       Apr.       May        June       July       Aug.       Sept.      Oct.       Nov.       Dec.  
Day Begin End  Begin End  Begin End  Begin End  Begin End  Begin End  Begin End  Begin End  Begin End  Begin End  Begin End  Begin End
     h m  h m   h m  h m   h m  h m   h m  h m   h m  h m   h m  h m   h m  h m   h m  h m   h m  h m   h m  h m   h m  h m   h m  h m
01  0614 1835  0613 1856  0554 1912  0522 1928  0451 1945  0433 2005  0436 2013  0453 2001  0510 1931  0524 1857  0538 1830  0557 1823
02  0614 1836  0613 1857  0553 1913  0521 1928  0450 1946  0433 2005  0436 2013  0454 2000  0511 1930  0524 1856  0539 1830  0558 1823
03  0614 1837  0612 1858  0552 1913  0520 1929  0450 1946  0433 2006  0437 2013  0454 1959  0511 1929  0524 1855  0539 1829  0558 1823
04  0615 1837  0612 1858  0552 1914  0519 1929  0449 1947  0432 2006  0437 2013  0455 1959  0512 1927  0525 1854  0540 1829  0559 1823
05  0615 1838  0611 1859  0551 1914  0518 1930  0448 1948  0432 2007  0438 2013  0456 1958  0512 1926  0525 1853  0541 1828  0600 1823
06  0615 1839  0611 1859  0550 1915  0517 1930  0447 1948  0432 2007  0438 2013  0456 1957  0513 1925  0526 1852  0541 1828  0600 1823
07  0615 1839  0610 1900  0549 1915  0515 1931  0446 1949  0432 2008  0439 2013  0457 1956  0513 1924  0526 1851  0542 1827  0601 1824
08  0616 1840  0610 1901  0548 1916  0514 1932  0445 1950  0432 2008  0439 2013  0457 1955  0514 1923  0527 1850  0542 1827  0602 1824
09  0616 1841  0609 1901  0547 1916  0513 1932  0445 1950  0432 2009  0440 2012  0458 1954  0514 1922  0527 1849  0543 1826  0602 1824
10  0616 1841  0609 1902  0546 1917  0512 1933  0444 1951  0432 2009  0440 2012  0458 1954  0515 1921  0527 1848  0544 1826  0603 1824
11  0616 1842  0608 1902  0545 1917  0511 1933  0443 1952  0432 2009  0441 2012  0459 1953  0515 1919  0528 1847  0544 1825  0604 1825
12  0616 1843  0607 1903  0544 1918  0510 1934  0443 1952  0432 2010  0441 2012  0500 1952  0515 1918  0528 1846  0545 1825  0604 1825
13  0616 1843  0607 1904  0543 1918  0509 1934  0442 1953  0432 2010  0442 2011  0500 1951  0516 1917  0529 1845  0545 1825  0605 1825
14  0616 1844  0606 1904  0542 1919  0508 1935  0441 1954  0432 2011  0442 2011  0501 1950  0516 1916  0529 1844  0546 1824  0605 1826
15  0616 1845  0605 1905  0541 1919  0507 1935  0441 1954  0432 2011  0443 2011  0501 1949  0517 1915  0530 1843  0547 1824  0606 1826
16  0616 1845  0605 1905  0539 1920  0506 1936  0440 1955  0432 2011  0443 2010  0502 1948  0517 1914  0530 1842  0547 1824  0607 1827
17  0616 1846  0604 1906  0538 1920  0505 1937  0439 1956  0432 2012  0444 2010  0503 1947  0518 1913  0531 1841  0548 1824  0607 1827
18  0616 1847  0603 1907  0537 1921  0504 1937  0439 1956  0432 2012  0445 2009  0503 1946  0518 1911  0531 1841  0549 1823  0608 1827
19  0616 1847  0603 1907  0536 1921  0503 1938  0438 1957  0432 2012  0445 2009  0504 1945  0518 1910  0532 1840  0549 1823  0608 1828
20  0616 1848  0602 1908  0535 1922  0502 1938  0438 1958  0433 2012  0446 2008  0504 1944  0519 1909  0532 1839  0550 1823  0609 1828
21  0616 1849  0601 1908  0534 1922  0501 1939  0437 1958  0433 2013  0446 2008  0505 1943  0519 1908  0533 1838  0551 1823  0609 1829
22  0616 1850  0600 1909  0533 1923  0500 1940  0437 1959  0433 2013  0447 2007  0505 1942  0520 1907  0533 1837  0551 1823  0610 1829
23  0616 1850  0559 1909  0532 1923  0459 1940  0436 1959  0433 2013  0448 2007  0506 1941  0520 1906  0534 1836  0552 1823  0610 1830
24  0615 1851  0559 1910  0531 1924  0458 1941  0436 2000  0434 2013  0448 2006  0506 1940  0521 1905  0534 1836  0553 1822  0611 1830
25  0615 1852  0558 1910  0530 1924  0457 1941  0435 2001  0434 2013  0449 2006  0507 1939  0521 1904  0535 1835  0553 1822  0611 1831
26  0615 1852  0557 1911  0529 1925  0456 1942  0435 2001  0434 2013  0449 2005  0507 1937  0521 1902  0535 1834  0554 1822  0612 1832
27  0615 1853  0556 1911  0528 1925  0455 1943  0435 2002  0434 2013  0450 2004  0508 1936  0522 1901  0536 1834  0555 1822  0612 1832
28  0614 1854  0555 1912  0526 1926  0454 1943  0434 2002  0435 2013  0451 2004  0508 1935  0522 1900  0536 1833  0555 1822  0612 1833
29  0614 1854             0525 1926  0453 1944  0434 2003  0435 2013  0451 2003  0509 1934  0523 1859  0537 1832  0556 1822  0613 1833
30  0614 1855             0524 1927  0452 1945  0434 2004  0436 2013  0452 2002  0509 1933  0523 1858  0537 1832  0557 1823  0613 1834
31  0613 1856             0523 1927             0433 2004             0452 2002  0510 1932             0538 1831             0613 1834

                                             Add one hour for daylight time, if and when in use.
