             o  ,    o  ,                                   MIAMI, FLORIDA                             Astronomical Applications Dept.
Location: W080 13, N25 47                           Astronomical Twilight for 2014                     U. S. Naval Observatory        
                                                                                                       Washington, DC  20392-5420     
                                                         Eastern Standard Time                                                        
                                                                                                                                      
                                                                                                                                      
       Jan.       Feb.       Mar.       Apr.       May        June       July       Aug.       Sept.      Oct.       Nov.       Dec.  
Day Begin End  Begin End  Begin End  Begin End  Begin End  Begin End  Begin End  Begin End  Begin End  Begin End  Begin End  Begin End
     h m  h m   h m  h m   h m  h m   h m  h m   h m  h m   h m  h m   h m  h m   h m  h m   h m  h m   h m  h m   h m  h m   h m  h m
01  0546 1903  0546 1923  0528 1939  0455 1955  0422 2015  0401 2037  0403 2046  0423 2031  0442 1959  0457 1924  0511 1857  0529 1851
02  0546 1904  0545 1924  0527 1940  0454 1956  0421 2015  0400 2038  0404 2046  0423 2031  0443 1958  0457 1923  0512 1857  0530 1851
03  0546 1905  0545 1925  0526 1940  0452 1956  0420 2016  0400 2038  0404 2046  0424 2030  0444 1956  0458 1922  0512 1856  0531 1851
04  0547 1905  0545 1925  0525 1941  0451 1957  0419 2017  0400 2039  0405 2046  0425 2029  0444 1955  0458 1921  0513 1856  0531 1851
05  0547 1906  0544 1926  0524 1941  0450 1958  0418 2018  0400 2039  0405 2046  0425 2028  0445 1954  0459 1920  0513 1855  0532 1851
06  0547 1907  0544 1927  0523 1942  0449 1958  0417 2018  0400 2040  0406 2046  0426 2027  0445 1953  0459 1918  0514 1855  0532 1851
07  0547 1907  0543 1927  0522 1942  0448 1959  0416 2019  0359 2040  0406 2045  0427 2026  0446 1952  0459 1917  0515 1854  0533 1852
08  0548 1908  0543 1928  0521 1943  0447 1959  0415 2020  0359 2041  0407 2045  0427 2025  0446 1950  0500 1916  0515 1854  0534 1852
09  0548 1909  0542 1928  0520 1943  0445 2000  0414 2021  0359 2041  0407 2045  0428 2024  0447 1949  0500 1915  0516 1853  0534 1852
10  0548 1909  0542 1929  0519 1944  0444 2001  0414 2021  0359 2042  0408 2044  0429 2023  0447 1948  0501 1915  0516 1853  0535 1853
11  0548 1910  0541 1929  0518 1944  0443 2001  0413 2022  0359 2042  0408 2044  0429 2022  0448 1947  0501 1914  0517 1853  0535 1853
12  0548 1910  0541 1930  0517 1945  0442 2002  0412 2023  0359 2043  0409 2044  0430 2021  0448 1946  0502 1913  0517 1852  0536 1853
13  0548 1911  0540 1931  0516 1945  0441 2002  0411 2024  0359 2043  0410 2043  0431 2020  0449 1944  0502 1912  0518 1852  0537 1854
14  0548 1912  0539 1931  0515 1946  0440 2003  0410 2024  0359 2044  0410 2043  0432 2019  0449 1943  0503 1911  0519 1852  0537 1854
15  0548 1912  0539 1932  0514 1946  0439 2004  0410 2025  0359 2044  0411 2043  0432 2018  0450 1942  0503 1910  0519 1852  0538 1854
16  0548 1913  0538 1932  0513 1947  0438 2004  0409 2026  0359 2044  0411 2042  0433 2017  0450 1941  0503 1909  0520 1851  0538 1855
17  0548 1914  0537 1933  0512 1947  0436 2005  0408 2027  0359 2045  0412 2042  0433 2016  0451 1940  0504 1908  0520 1851  0539 1855
18  0548 1914  0537 1933  0511 1948  0435 2006  0408 2027  0359 2045  0413 2041  0434 2015  0451 1938  0504 1907  0521 1851  0539 1856
19  0548 1915  0536 1934  0509 1948  0434 2006  0407 2028  0359 2045  0413 2041  0435 2014  0451 1937  0505 1906  0522 1851  0540 1856
20  0548 1916  0535 1934  0508 1949  0433 2007  0406 2029  0400 2045  0414 2040  0435 2013  0452 1936  0505 1906  0522 1851  0540 1857
21  0548 1916  0534 1935  0507 1949  0432 2008  0406 2030  0400 2046  0415 2039  0436 2011  0452 1935  0506 1905  0523 1850  0541 1857
22  0548 1917  0534 1935  0506 1950  0431 2008  0405 2030  0400 2046  0416 2039  0437 2010  0453 1934  0506 1904  0524 1850  0541 1858
23  0548 1918  0533 1936  0505 1950  0430 2009  0405 2031  0400 2046  0416 2038  0437 2009  0453 1933  0507 1903  0524 1850  0542 1858
24  0548 1918  0532 1937  0504 1951  0429 2010  0404 2032  0401 2046  0417 2037  0438 2008  0454 1932  0507 1903  0525 1850  0542 1859
25  0548 1919  0531 1937  0503 1951  0428 2010  0404 2032  0401 2046  0418 2037  0438 2007  0454 1930  0508 1902  0525 1850  0543 1859
26  0547 1920  0530 1938  0502 1952  0427 2011  0403 2033  0401 2046  0418 2036  0439 2006  0455 1929  0508 1901  0526 1850  0543 1900
27  0547 1920  0529 1938  0500 1952  0426 2012  0403 2034  0402 2046  0419 2035  0440 2005  0455 1928  0509 1900  0527 1850  0544 1900
28  0547 1921  0529 1939  0459 1953  0425 2013  0402 2034  0402 2046  0420 2035  0440 2003  0456 1927  0509 1900  0527 1850  0544 1901
29  0547 1922             0458 1954  0424 2013  0402 2035  0402 2046  0420 2034  0441 2002  0456 1926  0510 1859  0528 1850  0545 1901
30  0546 1922             0457 1954  0423 2014  0401 2036  0403 2046  0421 2033  0441 2001  0456 1925  0510 1858  0529 1850  0545 1902
31  0546 1923             0456 1955             0401 2036             0422 2032  0442 2000             0511 1858             0545 1903

                                             Add one hour for daylight time, if and when in use.
