             o  ,    o  ,                                   MIAMI, FLORIDA                             Astronomical Applications Dept.
Location: W080 13, N25 47                               Civil Twilight for 2014                        U. S. Naval Observatory        
                                                                                                       Washington, DC  20392-5420     
                                                         Eastern Standard Time                                                        
                                                                                                                                      
                                                                                                                                      
       Jan.       Feb.       Mar.       Apr.       May        June       July       Aug.       Sept.      Oct.       Nov.       Dec.  
Day Begin End  Begin End  Begin End  Begin End  Begin End  Begin End  Begin End  Begin End  Begin End  Begin End  Begin End  Begin End
     h m  h m   h m  h m   h m  h m   h m  h m   h m  h m   h m  h m   h m  h m   h m  h m   h m  h m   h m  h m   h m  h m   h m  h m
01  0643 1807  0641 1829  0621 1846  0549 1901  0520 1916  0504 1934  0507 1942  0522 1932  0538 1903  0550 1830  0606 1803  0626 1754
02  0643 1807  0640 1829  0620 1846  0548 1901  0519 1917  0504 1934  0508 1942  0523 1931  0538 1902  0551 1829  0606 1802  0626 1754
03  0643 1808  0640 1830  0619 1847  0547 1902  0518 1918  0503 1935  0508 1942  0524 1930  0539 1901  0551 1828  0607 1802  0627 1754
04  0643 1809  0639 1831  0618 1847  0546 1902  0518 1918  0503 1935  0508 1942  0524 1929  0539 1900  0551 1827  0607 1801  0628 1755
05  0644 1809  0639 1831  0617 1848  0545 1903  0517 1919  0503 1936  0509 1942  0525 1929  0540 1859  0552 1826  0608 1801  0628 1755
06  0644 1810  0638 1832  0616 1848  0544 1903  0516 1919  0503 1936  0509 1942  0525 1928  0540 1858  0552 1825  0609 1800  0629 1755
07  0644 1811  0638 1833  0615 1849  0543 1904  0515 1920  0503 1937  0510 1942  0526 1927  0540 1857  0553 1824  0609 1800  0630 1755
08  0644 1811  0637 1833  0614 1849  0542 1904  0515 1920  0503 1937  0510 1942  0526 1926  0541 1856  0553 1823  0610 1759  0630 1755
09  0644 1812  0636 1834  0613 1850  0541 1905  0514 1921  0503 1938  0510 1942  0527 1926  0541 1855  0554 1822  0611 1759  0631 1756
10  0644 1813  0636 1835  0612 1850  0540 1905  0513 1922  0503 1938  0511 1941  0527 1925  0542 1854  0554 1821  0611 1758  0632 1756
11  0644 1814  0635 1835  0611 1851  0539 1906  0513 1922  0503 1938  0511 1941  0528 1924  0542 1852  0555 1820  0612 1758  0632 1756
12  0644 1814  0635 1836  0610 1851  0538 1906  0512 1923  0503 1939  0512 1941  0528 1923  0542 1851  0555 1819  0612 1757  0633 1756
13  0644 1815  0634 1837  0609 1852  0536 1907  0511 1923  0503 1939  0512 1941  0529 1922  0543 1850  0556 1818  0613 1757  0633 1757
14  0644 1816  0633 1837  0608 1852  0535 1907  0511 1924  0503 1939  0513 1940  0529 1921  0543 1849  0556 1817  0614 1757  0634 1757
15  0644 1816  0632 1838  0607 1853  0534 1908  0510 1925  0503 1940  0513 1940  0530 1920  0544 1848  0556 1816  0614 1756  0635 1757
16  0644 1817  0632 1838  0606 1853  0533 1908  0510 1925  0503 1940  0514 1940  0530 1920  0544 1847  0557 1816  0615 1756  0635 1758
17  0644 1818  0631 1839  0605 1854  0532 1909  0509 1926  0503 1940  0514 1939  0531 1919  0544 1846  0557 1815  0616 1756  0636 1758
18  0644 1819  0630 1840  0604 1854  0532 1909  0509 1926  0504 1941  0515 1939  0531 1918  0545 1845  0558 1814  0617 1755  0636 1759
19  0644 1819  0630 1840  0603 1855  0531 1910  0508 1927  0504 1941  0515 1939  0532 1917  0545 1844  0558 1813  0617 1755  0637 1759
20  0644 1820  0629 1841  0602 1855  0530 1910  0508 1927  0504 1941  0516 1938  0532 1916  0546 1842  0559 1812  0618 1755  0637 1800
21  0644 1821  0628 1841  0601 1856  0529 1911  0507 1928  0504 1941  0517 1938  0533 1915  0546 1841  0559 1811  0619 1755  0638 1800
22  0644 1822  0627 1842  0600 1856  0528 1911  0507 1929  0504 1941  0517 1937  0533 1914  0546 1840  0600 1810  0619 1755  0638 1801
23  0643 1822  0626 1842  0559 1857  0527 1912  0506 1929  0505 1942  0518 1937  0534 1913  0547 1839  0601 1810  0620 1754  0639 1801
24  0643 1823  0625 1843  0558 1857  0526 1912  0506 1930  0505 1942  0518 1936  0534 1912  0547 1838  0601 1809  0621 1754  0639 1802
25  0643 1824  0625 1844  0557 1857  0525 1913  0506 1930  0505 1942  0519 1936  0535 1911  0548 1837  0602 1808  0621 1754  0640 1802
26  0643 1824  0624 1844  0555 1858  0524 1914  0505 1931  0505 1942  0519 1935  0535 1910  0548 1836  0602 1807  0622 1754  0640 1803
27  0642 1825  0623 1845  0554 1858  0523 1914  0505 1931  0506 1942  0520 1935  0536 1909  0549 1835  0603 1806  0623 1754  0641 1803
28  0642 1826  0622 1845  0553 1859  0522 1915  0505 1932  0506 1942  0520 1934  0536 1908  0549 1834  0603 1806  0623 1754  0641 1804
29  0642 1827             0552 1859  0522 1915  0504 1932  0506 1942  0521 1934  0536 1907  0549 1833  0604 1805  0624 1754  0641 1805
30  0641 1827             0551 1900  0521 1916  0504 1933  0507 1942  0521 1933  0537 1906  0550 1831  0604 1804  0625 1754  0642 1805
31  0641 1828             0550 1900             0504 1933             0522 1932  0537 1905             0605 1804             0642 1806

                                             Add one hour for daylight time, if and when in use.
